0.9682000122070312 0.0
0.9692000122070312 0.0
0.9702000122070312 5.111977068776469e-06
0.9712000122070312 6.068401959548772e-06
0.9722000122070312 7.048792719653225e-06
0.9732000122070312 8.032969334988777e-06
0.9742000122070312 8.939303074188435e-06
0.9752000122070312 9.827780458046452e-06
0.9762000122070312 1.0739452701927308e-05
0.9772000122070312 1.1860327881436462e-05
0.9782000122070312 1.3297470029403172e-05
0.9792000122070312 1.5266301088402236e-05
0.9802000122070312 1.7901159348927032e-05
0.9812000122070312 2.1460012782399062e-05
0.9822000122070312 2.6282641806930884e-05
0.9832000122070312 3.2692245389941966e-05
0.9842000122070312 4.0967469811059796e-05
0.9852000122070312 5.152398453053716e-05
0.9862000122070312 6.440458514152347e-05
0.9872000122070312 7.981055105733587e-05
0.9882000122070312 9.780095853479398e-05
0.9892000122070312 0.00011837338508881542
0.9902000122070312 0.0001417401454410378
0.9912000122070312 0.00016774381611996695
0.9922000122070312 0.00019708145559130537
0.9932000122070312 0.0002305849003508307
0.9942000122070312 0.00026976908042947634
0.9952000122070312 0.0003164594368345973
0.9962000122070312 0.00037443061496189134
0.9972000122070312 0.00044864986186244114
0.9982000122070313 0.013262376984220227
0.9992000122070313 0.027594804613991414
1.0002000122070311 0.0436640749426254
1.0012000122070313 0.04866040698363673
1.0022000122070311 0.05460877988137467
1.0032000122070313 0.060692185409717395
1.0042000122070311 0.06825947921008421
1.0052000122070313 0.07662824999954247
1.0062000122070311 0.08750231021843413
1.0072000122070313 0.09973443506176248
1.0082000122070311 0.1135953033422242
1.0092000122070313 0.12902113668357862
1.0102000122070312 0.14542553835245395
1.0112000122070313 0.16333397912405495
1.0122000122070312 0.18129021097643838
1.0132000122070313 0.1996948726519176
1.0142000122070312 0.21606509568698876
1.0152000122070313 0.23016585649423377
1.0162000122070312 0.24030415701010424
1.0172000122070313 0.24749588597289116
1.0182000122070312 0.2510644456824924
1.0192000122070313 0.2528714861391903
1.0202000122070312 0.25288381855353886
1.0212000122070313 0.2531877690777316
1.0222000122070312 0.25262164206514365
1.0232000122070313 0.2525163978759696
1.024199951171875 0.2519157926901922
1.025199951171875 0.2523292108649648
1.026199951171875 0.2525756074670875
1.027199951171875 0.25357032157293224
1.028199951171875 0.2546949823519631
1.029199951171875 0.25581800638626384
1.030199951171875 0.2573709214442784
1.031199951171875 0.2588415781356193
1.032199951171875 0.26125853821320333
1.033199951171875 0.26282996036347317
1.034199951171875 0.2654894340755139
1.035199951171875 0.26742937209482376
1.036199951171875 0.2693370892553536
1.037199951171875 0.2696969382697947
1.038199951171875 0.27169374859732454
1.039199951171875 0.27308609365238706
1.040199951171875 0.2750238018066247
1.041199951171875 0.2753392090415256
1.042199951171875 0.2764458235399613
1.043199951171875 0.27685227788669337
1.044199951171875 0.2775269854727503
1.045199951171875 0.2780465195067784
1.046199951171875 0.27927335192169844
1.047199951171875 0.28029070089418534
1.048199951171875 0.2811758294408886
1.049199951171875 0.2819349979550152
1.050199951171875 0.28275762436396434
1.051199951171875 0.28400272207320737
1.052199951171875 0.2849275599304627
1.053199951171875 0.2857502060465772
1.054199951171875 0.2867832899184845
1.055199951171875 0.2869457502982848
1.056199951171875 0.2872453199607542
1.057199951171875 0.28684589298176
1.058199951171875 0.28709091749812427
1.059199951171875 0.28683653120143854
1.060199951171875 0.2858532817571433
1.061199951171875 0.2849342815320433
1.062199951171875 0.2835414193411746
1.063199951171875 0.28187222997628814
1.064199951171875 0.28043260646728896
1.065199951171875 0.27903415337952026
1.066199951171875 0.2778925234613951
1.067199951171875 0.27562089795564876
1.068199951171875 0.2737979659479127
1.069199951171875 0.27146234598072977
1.070199951171875 0.2691686550792711
1.071199951171875 0.26723722623731955
1.072199951171875 0.2652876731846477
1.073199951171875 0.26398306592901133
1.074199951171875 0.26223256923522614
1.075199951171875 0.26122947301158816
1.076199951171875 0.2606690517226701
1.077199951171875 0.26015037441185823
1.078199951171875 0.26027738420345475
1.079199951171875 0.25979112041127383
1.080199951171875 0.26027047327055197
1.081199951171875 0.26099257085621286
1.082199951171875 0.2620548744132247
1.083199951171875 0.2625161776491552
1.084199951171875 0.2636720995964277
1.085199951171875 0.2646343625351598
1.086199951171875 0.2664871740405222
1.087199951171875 0.2676062329361605
1.088199951171875 0.26979378306279167
1.089199951171875 0.27169300703739846
1.090199951171875 0.27439347108330775
1.091199951171875 0.27680854568950297
1.092199951171875 0.2794243409908461
1.093199951171875 0.28177255492727504
1.094199951171875 0.28419309133910037
1.095199951171875 0.2866263784166965
1.096199951171875 0.2884239228063264
1.097199951171875 0.2912095596413326
1.098199951171875 0.293616312144053
1.099199951171875 0.29596250884920317
1.100199951171875 0.2967305001873922
1.101199951171875 0.29781865359147003
1.102199951171875 0.29909004380889104
1.103199951171875 0.30051020882210633
1.104199951171875 0.3011031036177305
1.105199951171875 0.3021911383700957
1.106199951171875 0.30264829811018057
1.107199951171875 0.30300426159884253
1.108199951171875 0.3025660209837555
1.109199951171875 0.3023000968339196
1.110199951171875 0.30278047572653793
1.111199951171875 0.3026865450648049
1.112199951171875 0.30288122122043437
1.113199951171875 0.30241754336071625
1.114199951171875 0.30231691724838416
1.115199951171875 0.3018536840403121
1.116199951171875 0.30089785196602475
1.117199951171875 0.3001416507455614
1.118199951171875 0.2992084496980293
1.119199951171875 0.29862156903737636
1.120199951171875 0.29846778595641815
1.121199951171875 0.29766059619387514
1.122199951171875 0.29704482341782934
1.123199951171875 0.295735482835
1.124199951171875 0.29575108717881504
1.125199951171875 0.2954350099249304
1.126199951171875 0.2959414394530019
1.127199951171875 0.29618032317555704
1.128199951171875 0.29715244540846486
1.129199951171875 0.29761176243625925
1.130199951171875 0.2982072565232527
1.131199951171875 0.29869319424613083
1.132199951171875 0.2999942663762529
1.133199951171875 0.300847186402474
1.134199951171875 0.30190044218183193
1.135199951171875 0.3025113539329571
1.136199951171875 0.30375044432846354
1.137199951171875 0.30529958978738336
1.138199951171875 0.3061667979653423
1.139199951171875 0.3078064646380752
1.140199951171875 0.3086157808198208
1.141199951171875 0.3106406007481279
1.142199951171875 0.31291040054271413
1.143199951171875 0.3155481812014423
1.144199951171875 0.31836847936431667
1.145199951171875 0.32070453624577844
1.146199951171875 0.3224722392812622
1.147199951171875 0.3241062379961709
1.148199951171875 0.3256334441960528
1.149199951171875 0.3280886275731439
1.150199951171875 0.33006224320666916
1.151199951171875 0.33207988737204786
1.152199951171875 0.3340127918981482
1.153199951171875 0.33542610249041305
1.154199951171875 0.3370595073464255
1.155199951171875 0.33876760880105095
1.156199951171875 0.3408110468039998
1.157199951171875 0.3429031126711704
1.158199951171875 0.34460693647389284
1.159199951171875 0.3471784446710115
1.160199951171875 0.34811343878057843
1.161199951171875 0.34993824742879764
1.162199951171875 0.3509201725552664
1.163199951171875 0.35290153633699084
1.164199951171875 0.35393502455145404
1.165199951171875 0.3551103259037918
1.166199951171875 0.3561458071377831
1.167199951171875 0.357424691719633
1.168199951171875 0.3580200011652598
1.169199951171875 0.35871782294103105
1.170199951171875 0.35931120357841645
1.171199951171875 0.35976668159563785
1.172199951171875 0.3603881901639068
1.173199951171875 0.3605994116044776
1.174199951171875 0.36112802097345614
1.175199951171875 0.3615127744073608
1.176199951171875 0.3613233614269727
1.177199951171875 0.3617457057583351
1.178199951171875 0.3614402321550724
1.179199951171875 0.3612334130982139
1.180199951171875 0.3608570320843992
1.181199951171875 0.361255577808845
1.182199951171875 0.36181454343605796
1.183199951171875 0.3613740916697761
1.184199951171875 0.3607663832491277
1.185199951171875 0.3600563779695257
1.186199951171875 0.3594508112297592
1.187199951171875 0.35798563400309275
1.188199951171875 0.3573625213770166
1.189199951171875 0.35738178746321797
1.190199951171875 0.35775058546564364
1.191199951171875 0.3569499356940362
1.192199951171875 0.3550073666995244
1.193199951171875 0.35424566260456974
1.194199951171875 0.35326633615678626
1.195199951171875 0.35230874307083837
1.196199951171875 0.350880901680436
1.197199951171875 0.35029906946791217
1.198199951171875 0.34981277554207274
1.199199951171875 0.3493612866865298
1.200199951171875 0.34875257856189834
1.201199951171875 0.34874034808989923
1.202199951171875 0.3486522785206547
1.203199951171875 0.34783704670877913
1.204199951171875 0.34797040751535496
1.205199951171875 0.34771381374801624
1.206199951171875 0.3475175194144047
1.207199951171875 0.3472608981824527
1.208199951171875 0.34711382210018865
1.209199951171875 0.34816353143924095
1.210199951171875 0.3478422727273165
1.211199951171875 0.3486213330260959
1.212199951171875 0.34843802748762737
1.213199951171875 0.34974927816689855
1.214199951171875 0.35005123553491607
1.215199951171875 0.35105459765145747
1.216199951171875 0.3510584735709601
1.217199951171875 0.3515558295653773
1.218199951171875 0.35288390698826777
1.219199951171875 0.35402670404072595
1.220199951171875 0.3552529304086376
1.221199951171875 0.35646632445025583
1.222199951171875 0.3582430349123183
1.223199951171875 0.36000953236238614
1.224199951171875 0.3612407945941868
1.225199951171875 0.36259067444288723
1.226199951171875 0.3642294414990268
1.227199951171875 0.36630575762209316
1.228199951171875 0.36793347112981534
1.229199951171875 0.36924444105087384
1.230199951171875 0.3710970087786246
1.231199951171875 0.372262963514189
1.232199951171875 0.37412182490115126
1.233199951171875 0.37475001094579263
1.234199951171875 0.37641183708083276
1.235199951171875 0.3773472889620202
1.236199951171875 0.37825790340911447
1.237199951171875 0.378641828869988
1.238199951171875 0.3793189340354578
1.239199951171875 0.3795669536006095
1.240199951171875 0.3807696473627934
1.241199951171875 0.38143188062431954
1.242199951171875 0.38298784507168054
1.243199951171875 0.3837251383144399
1.244199951171875 0.3851929660469372
1.245199951171875 0.3861630276510268
1.246199951171875 0.3870313075158542
1.247199951171875 0.3872136723584498
1.248199951171875 0.38789822980124167
1.249199951171875 0.3890126695838255
1.250199951171875 0.3895870602455819
1.251199951171875 0.3910995598909864
1.252199951171875 0.39203390345861
1.253199951171875 0.3929509683013821
1.254199951171875 0.3927961379274846
1.255199951171875 0.3925470499985874
1.256199951171875 0.39277969926471906
1.257199951171875 0.39371426761337264
1.258199951171875 0.39376957738014845
1.259199951171875 0.39394867539692857
1.260199951171875 0.39374940889095184
1.261199951171875 0.39417372104676407
1.262199951171875 0.39436702305428284
1.263199951171875 0.39423465713048467
1.264199951171875 0.3941688927511655
1.265199951171875 0.39444582885485885
1.266199951171875 0.3936601424584424
1.267199951171875 0.3938639600883301
1.268199951171875 0.39348095582362486
1.269199951171875 0.39330576957798014
1.270199951171875 0.39118766810334266
1.271199951171875 0.38806425135290495
1.272199951171875 0.38284579317408407
1.273199951171875 0.3768655189386347
1.274199951171875 0.36763897830103054
1.275199951171875 0.3554674822721039
1.276199951171875 0.3383371821396901
1.277199951171875 0.31780267371947907
1.278199951171875 0.2928766964855605
1.279199951171875 0.26523318574438776
1.280199951171875 0.2357876582318519
1.281199951171875 0.2066935817803425
1.282199951171875 0.1793829878447883
1.283199951171875 0.15499557207527115
1.284199951171875 0.13350235402127106
1.285199951171875 0.11499183155044289
1.286199951171875 0.09846723926469927
1.287199951171875 0.08461733072270029
1.288199951171875 0.07246870925882218
1.289199951171875 0.06289647336883096
1.290199951171875 0.05464135661947458
1.291199951171875 0.04792910633031946
1.292199951171875 0.041813827570386985
1.293199951171875 0.03701545528398534
1.294199951171875 0.03266596799156917
1.295199951171875 0.029097409394207487
1.296199951171875 0.025444653023323844
1.297199951171875 0.02185915533023737
1.298199951171875 0.01818912887573937
1.299199951171875 0.014898042991295525
1.300199951171875 0.012138975204135611
1.301199951171875 0.009836923642722413
1.302199951171875 0.00797386228599276
1.303199951171875 0.006463212166567965
1.304199951171875 0.00526965379592528
1.305199951171875 0.004290899958904144
1.306199951171875 0.0034985438848992023
1.307199951171875 0.0028609150518010937
1.308199951171875 0.0023557567164584846
1.309199951171875 0.0019557825190755235
1.310199951171875 0.0016296747459503655
1.311199951171875 0.0013618418938987505
1.312199951171875 0.0011424981375761313
1.313199951171875 0.0009654414376157245
1.314199951171875 0.0008163974428225192
1.315199951171875 0.0006931244727403659
1.316199951171875 0.0005890786363430128
1.317199951171875 0.0005030903502183147
1.318199951171875 0.00043119971168786066
1.319199951171875 0.00037030050422503114
1.320199951171875 0.00031832288124792083
1.321199951171875 0.0002753763744119238
1.322199951171875 0.0002392332036801573
1.323199951171875 0.0002088668684536724
1.324199951171875 0.0001820556714576802
1.325199951171875 0.0001587758413513967
1.326199951171875 0.00013964159782249322
1.327199951171875 0.00012287807925547497
1.328199951171875 0.00010858960635645729
1.329199951171875 9.523511233813617e-05
1.330199951171875 8.47996617179417e-05
1.331199951171875 7.543976149136459e-05
1.332199951171875 6.754524008583361e-05
1.333199951171875 6.024137655802907e-05
1.334199951171875 5.4148855875339544e-05
1.335199951171875 4.840291488754017e-05
1.336199951171875 4.3526428499942895e-05
1.337199951171875 3.9277024172553685e-05
1.338199951171875 3.5562838454406086e-05
1.339199951171875 3.22030742714373e-05
1.340199951171875 2.92753859242771e-05
1.341199951171875 2.68219083219025e-05
1.342199951171875 2.4726229272170463e-05
1.343199951171875 2.2838600588175676e-05
1.344199951171875 2.1212175765458014e-05
1.345199951171875 1.9392881003710414e-05
1.346199951171875 1.756603802024927e-05
1.347199951171875 1.6338172092192125e-05
1.348199951171875 1.508799377757436e-05
1.349199951171875 1.3773178569999453e-05
1.350199951171875 1.2468793981864325e-05
1.351199951171875 1.1810705561183497e-05
1.352199951171875 1.0947099332970579e-05
1.353199951171875 1.0353176521477537e-05
1.354199951171875 9.145929753347452e-06
1.3551999511718749 0.0
1.356199951171875 0.0
